[1011111111 cnisninnn 113

D. 1111 11331313 133111311133111331133333333313 11. fi 13133 111311333 113331331331313333331

113313 13113 11 51333331 1. 1133333133131 1333333313 113 1111311313 11
11. 13 313333 1311313133333331333131111331111· 1111313113311331,313 31133311131313311331313 11

313 13313 31113 13113113113333313 31313 333131331 13113 13 311333 3333111 33113 3331331333, 333 3313 si

3111133113 13113 3131331313 33113. 11333313311113. 131 133133313113333111 ‚ 3 ’1 13313
D. Quando 11333331313331333113113,33313313· 111331 33313311333,’31131(13311111313;133313331

3333113333311133111113131 1333 311313331313311113 1333313331 3113333 133
11. Nou 13 1ο3133,33111113313 31 13133333 13 131 1311331 nocsc.¹

13 333313, 3311333113311131 3333. D. 111 31 3133313333313 33333133331313,1133·
li. 83333 313313331133333, 13 31131 3311313113· 13331113 11 81333131 ·

3113 13313 1181331331 R. 13113313131113, 133 3313313131311113 33 gron· ’
R. 113313 131333 13 333131133113 33313 11 3331. 11331133 sacrilegio, comonicundosi 33333 11313.
Ii. 83313 1113311, 11333 3131131
11.11133133113,3333113113311313,3111311333 · 110110

33313313 13 33311133. “ ’ ¹ .

d Ι1111113311111311 signore 11333 3311313113, 31 31313 11333133331311133 1118113133.

3 333133
R. 1133 31 33113, 311 33111313333 131333, 3113311 11Ρ33131133. 13133113 31 311333 lici.

13 31313 3113 133113 131Ρ3113, 31 13333 331 33311331· 11111133. 1133. 111313311133111311 juvenio-

mu 83313333313. 1313 mcum.

D. Quoi 113333111333133 33313331,331313 31 333· Ρ. 131133 31311333 313.

33, 3333313 311* 331133 , 333 33333133331 dognu- 1. 1131313331313133111313133333313 3131333·

1333131. 1 · 11311313331313131131333131313311131133131311333.
1. (iconio 3133333, 1313333311 canuno 3113113 Ρ. 1311113 133331 13313; 313.

113133113113 313313 33113 3333313313, 3333333 11.11.13113111331 3113131131,11113313,331 113111·

333 31 cononica 3331111133; 3 333313 311131313 33113133111313 133331. ’

13133333 333313 purgata 13 3331 3333313 31331313. Ρ.1]ο311311ο1 11111 313.

1111111333 13 33313331333 31 1133113333 1’ 33 C. 83333 iu lieo 33331331 31113 333113133 1111

peccatumve, 311313 11 3331313331, uhodone 33131333 331133 13313111313133113.

13131 Ρ. Gloria 13131 313.

R. 83 31 3133313 333313 313 3113 13333 13113 33· C. 81331 313113 311331313, 31 3333, 31 3331331, 31

31331333, 33 3111313 3331333 11 Signum, 3 31 33· 13 3333313 333331313311333.

munioni. 333 3331333313333 331 3 331 ieiuno: 133 P. introibo 31 111333 Dei.

33 31 3133113 33131111 333333131 coensium, 133 31· C. 11113331 331 13311133113133131331 313331.

1333333 31 3331333333. 11111313313111 33313331, 313.

i). 13 33113 3333313313 3113 3331311133 1 neccs- 1.(111133113331331, 31 1333313. .

33113 3113 13 3313333131313 33313113 33331 Ρ. 11311331 lion 3331331331 313.

1. 813333 33, 11313 33 131133, 333313 33 133113 (1.11133133133131 3313133133311333, 31 dimissis

3331313 31 33133133313333. 333331131313, 33313331 1331311131 ueternum. ¹
ii. 11333 31313 31331313 33113331331333 13 33· Ρ. 11333. ,

31313 1111113113, 3333131313313333313 bocco? C. 13311333 Deo omnipoicnii , 1133133 1131133
ii. 8311113 13 133 1331131113. 3331333 uirgini, 11113113311133113333111 ,1. 133331
D. 113 33 13 3331133113 313113333 31 331313, 313 1133113133, 33. 1133313113 Ρ3113. 31 Ρ3313, omnibus

3333 133 13331 83331331 11111131333313 3333311313113 cogitatione,
R. Dec procurare 11 313333113 33111 lingon nun 131113 31333133 1333 3111333331 33133, 3133 31311313

311331111333311113 113333 33313311131311313 33133. idco 333131 b. 11331331 3313333 virginem ‚

33 3333 1333333 1133, 3 133113111113 333333 331· b. 11313313311333331331, 11. 13333331 1331131313,

133113 3331333313. 3333133 apostolos Ρ313313, 31 Ρ331313 , 313333 333·
11. ii 33333133133131311313113333331333,3113 3113, 31 13, 13131, 31313 333133 31 1133113313 Deum ,

13113113 11131 331311 11 csso? 33311313.

11. 81 1333311113 i’ 331311 33331333113333333113· Ρ. 11133113131333131 313.

33313 13 3333131131318133113, cn’eilo 113113 311 C. 13133.

111111 3333313. Ρ. iicon 111 convorsus 313.

ii. 11333 11 3333, 3111333113 131311 G. Ei 31313133 11313111331313.
11. 1133131113 3131333 33133 3333111333 131113· Ρ. 0313313 33113313. ,

corsi 1331313 13 3131313118133333, 13 1133331133· C. 111113133313113 13 nobis. .

iu, 131331313331133311333, 3 3113133311 13113 Ρ. Domino 313111 313.

gracie 3 333 1313 33313 133 11311,313311111333313· G. 113133133333333113 313131.

313311 , 33333 411 311333 3 31 3333333 3 333133313. Ρ. 1331133131131113.

11. 031313 131333 31 13113113 31313 1333 11 co· 1. lc 3331 3313113 131.

333133333313 3311313 13 131131 Ρ. 113313 31313331
11. 81 3113311113 31113 31333 33 quincuncem G. Kyric 3131333.

3331333 3331313 gnon bisogno, si 331111 331 13113· Ρ. 113113 cleison. ¹

13113 3311333113 di 311313313. · C. 1131313 3131333. ,

 

