1110 nonnhhih cnisrrnn'h

111. 131 1331333313 vecchio 31133333 33111 Sacra· 11. Cha 313113 13 11 1311331331
1333311333 33333 3111333311 (3) 331 33313113 3331133 11. 13 133 3113111. Primo, 3133333 13333 333131·
3333. Prima, 333111 33333 311313 3333333331 no· 1333313, 33333311 1333331331 Dio, 33313 33313 31
3131; 3 333313 1313333 33331113 333 313 difficile, 3133 ,13113313 331 33333133133313113113313 31 1113, 3 31
’ 1313333 33333. 8333333 , 333111 33333 3113 3111131· 333331333 3133313 3133133 3333 solamente 1333 13-
11333333333331,31333333333313331311333, 333111 3133333331 3333133 3133133, 33 333333 13 1113333
33333 3113 ascari, 3333133 pochi era 1313333331· 33 1311313 3333 3311131333, 333113333133133313·
13 3133 31331113333333; 3333 che i 333131 133333 13 333 33 333 33331333 3331133333 11 1131133133 ande·
313311333133313313 3131333, 3133 333333 13 333 33· rehhe 3131113 31 13333133, 3333 33 331 333 333333
3133. 033313, quelli non 333333 13 grazia, come 13113 3333313. 8333333, 11 Β31133133 133313 33113·
13333 1 333131, 33 33133331313 13333333, 3 333· 3133 33 33313 33333 spirituale. 11 33313 333 31 333
3331133333. 81331131 333131 83333333113333 33113 13 3333 333333 133333 3333333313 31 conoscere
3113 3333113311. perche 3333 3113 333131 , 313 133111, 333333 333333 13 331333 133311 33333 3111313333,
3113 31313313 3113 efficaci 3133333 33333 333111. 3133333113 3333333 133 3133331311331133133,33113 3
11. 1133331 333133 333333, 3331 313 133 1333131331· 31313 33113 333333113 31 1131313 3333 331 33331313 31
13 sacramenti 11 3113 grande 31 131111 333333313 333313 monandi chi 3333 gii 33131331,3
11. ’131113333 grandi. 3 333333 31 1333 133 3331· gii animali: 333313 3 13 33333 3333133 11 Baiiesimo
che graodezra 3333313. 11 33331333113111 311333· 33331 333 31311333, 33 333 333 33113; 3333133 333 ,
11331133 sacramenia 33111133313113, percha in csso 31 3333311331, 33313333 333333 31333313 3311331
si 333113331331333 33113 333313, 3 31 3331 hene, ma 1311311331 3333 Β31133133, Temo ‚ 331 Β311331-
3113 Crisia 813333 333133. 113 nondimeno 333313 3313 3333333 33133 33113 chiesa e 333133133 31
3113 333333113, 1 3113 necessari di 13111 333311 Bahic· 13111 1333131 3333, 3333 33113313 31 3. chiesa, a ¹
simo, 3 13 133113333033313 31133133113 31 333113 13 professione 3133333 331311333, 3 31 33133 313131-
3113 3333333 1833333333ῑί, 1313 33331 3333 13 3133331333, 13331113 13333 31 crisio gorcrnano
confirmacione 31033133; perche 333311 333 33· 13 Chicsa.
33333311 33311 3333 3333 333 333133313, 33 333 11 11. Α 331 13333 333331333313 3 33331133313 1131·
3333333. Quanto 3113 13311113,113113 133113 3 1113133· 13313331
ma unzione3 nerchh 13 3333 31 3133113331 3333311 11. 13333 31 33313333133333113133333313,33333·
sanna 131133 31 333113333. (1333133131331113313, 11 3133333133 333113, chc ha coro 31 33133113
3333133311 3313133313,331333313311133 13313· 333333 11 sacerdote non 311333333333 31 31333333
33 31 331313 33313 chiesa. ein 3333 31 necessita , 3133 noanon 31 3 33313313
che 13 33331333 mooja 33333 Β31133133, 13333 33
11111. ehrrnslho 333333 3331 sacerdote, nome inico, 3331333333·
33 333333 33 333333 31 133 33 33333333 1333133,
h. 1331331313, 33 31 3333, 3 31313133333 11 33133 ohe 13 33333333 33113331 33 31333 33333 33 3333
3333333313 3 331333 311331, 3333133 31 chiama 331· 3 3133 1113133 3333311331, se sia 33333313 33 33-
133133. , 3133133ιὶ333 3133311 3331331331131 33333311 3133·
11. 333313 3333 31 1331133133 3 greco, 33331 33 3131333331 33331333.
3133133333 ma la s. 1131333 133 331313 33331331 31 11. 111 3333313113, 3133 11 Β31133133 31 313 a'ian-
333313 nome 33333 , 3333133113333 31 1333333 3 313111 333333 3311, 1 33311 333 333333333 333113
133333 comune, esi 3333331 giorno in cose 31113· 3133 31311333.
3131 ; e 333313 acciocche 333313 3333333313 aves· 11. E 13313 13 333333113 331 Β31133133, 3133 3131
33 33 3333 3333313, 3 13333 meglio 3333331313 33 33333 senza 313113313 , 3 31333 33333 333133333-
3333313. 31 3311133313 1331133133. 13 (a), non 333 331333313 133331333333331331 133-
D, 1133 3333 3113133333 3331333 113311331331
11. 1113333333 313333 133 3333 1333331313 3333. 33313, 3 333 3333 333331 313331333333 1111311331·
3333331333311 3331 31 333333113, 3333 dinemo 33· 33, 333313 3 3333333313 31 3311333311 333313 331-
333333, ognuno 333 3311333333; 3333313 3 3333, 33 ; 3 3333133333 333 333333333 333113 3133 31·
3133 333333 13 3333131333. Prima. si 313131333133- 311333. 3333311333 13 chiesa , che 333 mezzo 331
333 narn 3 33133313, 3333333113 31 hagno 13 ner· 3333333 3 33113 333333 sisnande. 3 33333113 333
3333 ; 313331 33113333. 8333333, bisogna 3133 13 1333, 3 333313 basia: 3333133, 3133333 333 mezzo
333133333133 1333333331313333133333, 333· 31 13333 31333 3333311 13 3333313, 33 13 313333-
313 333313. 1311 33113333 13 3333 331 133133, 331 nia 31 1113, senza che noi ne 333333133 313313; 33-
113113313 3 33113 8313113 83313. Terra 3 necessa· 31 1331331 33313313. 3133 333333333311131133133,
313,3133133333333.1333313133113333313313 inien· 3 33113 chiesa 31333 liberari 331 3333313 . 3 133-
31333 veramente di 1331133333; 313331 333311 sa· 3133313 33313333, 33333333 333 33 33 aecor·
3333331331331131313 ha 131113113. 3133 1333313 Chic· 31333.
333331 3333, 333333331133333 nereioechh se ono 1). Che 3331 3133 3333333 3333333, 33313311
anessa intenzione solamente di basiare, o di 1333- 33313 13113 33331333. 3 33313 13111313 13331
3311 corpo 3313333133333313113333113333333313- 11. h 333 11 33313 1131133133 333 osanna 331133
133 33 3333133133 3333313, 3333113 333333 perso· 331133131333313333333333 3333 333 31 chiama
33 333 3333133333333331313311333313. compare, 31333333 33 31133 33333, 3 13133113 333

(a) Cone. 1313. 33313333. 333331. 33131. 11. (3) 1333. 3.

 

