nonininn cnisiiiiii iii

ii. Qui nominoio 10 0000010 01111101 1110110 00110011,011011111010111110011, si 110011011
001011 11 mimo 01110 0001110111 1110, 1001011· 10 10110010, 0100101111110 01010110 1110 010110,
10 0111 011111 11001 111110. E 01000110 111110 101 00101010 01000111 111 011100 10110001111ςο1001
01011010 0111110111 , 0 110 0010010, 0001 10111 11, 001011 10111 1010111000101111 0111011, 0001
(1111101 11011010 , 010 011 101 0011 0111001, 00110 nmiussion03 00110001110111 111 11101011011110
01110 1100110100110011111011.11011110 0011111110 0111111, 0111101011011110 1011010110111 Son·
1101111011001010 110’0000111;1’11110 10100100, tissimi ‚ 011 110 11000011011011111 , 11 01110 101
0110011111 1101110110υο 10111 01110 ; 01 ii 10110 00111110 01 101 0000111010, 1101 0101111οο 10
1011011110 01010110110010111, 0110 0111 101110 1010000 11110 10110, 0010111 1111010 11110 111101
11011111 00111011011011011 11110011 01010111. 110010 010111 1010110110 01111, 101 0011110110 11

ii. Diohioruiomi 001010 001011011101101011100· 1010, 001010101010, 110 01011111 virium oosinmi3
10, 1011111, 010 1001 1111 ciniensi 1010 1110 111 1011101, 1110111,1111101,10111111 00111,

11ἰ 1101 111011100111011, 0 10101000110111 11 0100010 10011 10111 111111101101110011011·
1111111111Ῡιο1811110801υ11111111111108111111111111111180111111 οὓς.) 1151011111111111101011111010 11111111
8011010111οο1010101101011101110111100110- ii. 1101 1110, ono ii 0010010111 sunio cniosn 1
10, 001011101 101 11101110 011011111, 01000100 11111111 11110, 0110 1111110 (1)111 0111011110 10
110010110 11011111. 0110011011, 011 11110 01110 110 00110010110 10111 011 11111 (1). 0110 quantunque
010110011111111110 111111 11111111011 010011 oon· molii siono 1100001 11111111 001 10111 00101011·
0100111011 011101101011011001110,110111“110110 1100 nondimeno 101010 mosne, 01111011, divini 11-
inportu 1011111100ος 11 1111011011111111110, 1111101111111011 00010 0101110 010010 101, 0
01100101 00111111111111 1100011 1010100011· 101001110110011000010001111110 011 11 10110,·
11111101001111 1010, 01000011 crisio 00110 o'in· 111101010100110110110, 01111011 0 buono 00111
10011110 11 00010110 01111011011 11 0000 (11110000 0101110 0 011111 111 1110111110 ; 110 01011001 di
11011111 onusto-houm mo 111001101110 0111111- 011111 010101011 11111100, 0101110 0001, 01 0110
111111 101 sommo 10111100 romono, 10110 1101111 1111101111 1110110110. ’

11 (111010010111001010011101011111 0110101110· ii. 1001110101 0011, 1010000110 111 01011010
ω111111111111111111..0010, 111,1111111111111111111111111
001101110100110111110001110001111010111110110, 1111101 enmono.

1110 01 110111 meson 111 1111111011 ii. 1101100011 011010101111111000,0 1010110-

11. Potoni i 1111011, 010 00101110111111010, 11 00, 011 01110 11010 00010, 0011000- 11 0101010
0000100110110101101011110110111110 011 1001· 10100010 nonnoni 1 11111, 1000111111 0101110
0111 do· 01101011 , 0111011111 1111110110 11001101 110110 0111010111, 01011011110011 01111001110
11101101101110000111011110 0111110010 101100· 01101011 01111.

11, 100101011011 0111111011 1110111101 in 010· u. (1110 dinemo 10011 100111101111 001110101οο
110 011001010101010100 011101011111 Chiona, 11001 ossi 111 100111’101011,0101Ι ,
1111111111 dimissi, 0 111 11011111, 111 11111 chinon 11. 101 010010 si 1111111010 0001111011, 0110111
1110, 01110101 111111 1111111111, 11111101111111- 101 1011011 comunione 1100111 , 0 0011001110
00110 11 (1110110010οἰ 111110. 1111101111 1111111010, 100110 monim 11010110

1110101001 110010 (111001, 0 101 111110101 11100100, 0110 101 0010010010 111101 11101011
0010111 111101110 001100101101110111111111111 01111 (0) 01 001101 111 0110111111, o 11111111 1
111118111111111110110. ’ niio: 011 00100101011000111, 011110 1100 0111·

ii. 1110111 11 1111100 101 1 0111010111, sobino· 111 111110111111001011101; 001011 100 0111101
101111101010111111111,011001000111100111110 1110 001 01110, 011100 11110 11111011 011 modio.
ii 110010, 1101 0011110110 011111. 0110 011 111010, li. 11010110 011100111110111 001 11011101111110·
1111010011 0110111, 010 101010 1111 011101 10 101 110011011011111, 001111111101111111
mondo, nonulli, 0110111110 0110 0111 110101 ii. cosi i: 11101 1011011 11110101110101010·
10110, 0 011111 1100000 0011110110 11111100· 101, 01 iunoni 001010011011111100011111101
1010 ennolion, 010 11011110 1111010111. 0010111 01 ni 00101011111,100 (1) 110110 11101101111101100.
0111101 10111 1100111, 01 0 inii'i 111101. (111 1111101, 0110 1011 1011111111ιο 11110 0011111

li. Pennino 1001010 10 chiesa 01 1100 10001111 11 1110.1010110110010110010 100111 0 1000111 111
0010, 00 00111111 10110111111110 11 10111111 11 01110100 0111 10 chiesa ii 00011000 101 11111

Ι. Si 1110 00011 1010011, 0010111011 00101- 0011 1 1011110 0110 souin iodot 00110 011010 nnn
00, 11010101 crisio, 01 11 11000 010 11 10010100 01011111110000101101111110,110111010100011111-
10100100 01 oncino 011011 1110 11 11 1101001110 010011110010111 111011110. 110 011001111110111,
1011110, 01 11 1101111111011001110001101111· 0110111 11110011 1111101100 11 1011, 0110 1111111
01101 1111 00011110. 00101111 11 011 10, 0 i'i· 0101 000011 11 01, 11 0010 01001011 001 inmo,
011100110οο;110010111101111101011110101101- 00110 0111111011 0111010 munia 111011Ι 111 000011
11 monnone, 0 111111 011 01111, 0 11110.

ii. 101011011100, 010 010011 (1111110111, (a) pfl} m
1101110 ononi sono moiii 10111110011011111 (b) Rom. m,

1111 1100 1011111110 011110 0101110011111011- 10) 100000, 1000, adiit.

1111 11 0100010, 11000101111010,10111101110;010· (d) 11111. ·

 

