DOI'TRINA ciirsriiio'ii

solemonio 01110010101 00010010110,010 1100 sic DICHIARAZIONE
1010010 0000010110. ’ ’ . ¹

D. 010110101010110111010 00110,Ιο 00010 110110
10101110001010.000000000010. · 1 11111111111111111111
M. (101000001110110110111100 00110 01 00001000· ’ · ’.

00000 01000110. 0110 000 01 0001010001 00 00110 , 11111111111111511(1111111111111111111111113 11·
000110110, 011001 1001, 0 00000100 110000001000· 1111111 111111111111111111111111111111·

010. Ε prima 000010 0000111000 011010001000 010 ¹¹· 11 1111111111111111111111111 11 1111111111 11111111
0111100110 010000. 'essendo 1000110010, 0110 10000- 11111 11 111111 1 111111111111111111111111111111111111111·
1111 11111 11111 111 1111, 11111 11111111, 1111111111, 1000110011 01111 1011110100 1 000 procedentia 100111
10 01 1110 01000 oi 00010000, 01 0101111100 01 10100- 111111111 1111111111 1111111 1111111111 1 1111110111 111111
11101010, 010010000010. 0110 iri ogni 0000 egli 010 1111111111111111111111111111111111 1 01111111 111 11111·
111111ο 111), 1 1111111111, 111 111111 111 1111 111, 1110 010 000010101οο 10 00110 e 00101010, 00001111·
0101111010 bisogno 0110 roi occipicio, circ 10 11001001- 01111111 811 1111111111 ¹¹¹ 11111 11111 1 1111111111 111011
mia 11011 ὲ 11111111, che un'ingjufja 111 (11111111 (101111 1111, 1111111183 111111. Ρθ1111011111111 113311111111818 111 1081811101
1010 0110 0 111010 ec 0100000 ne'sooi Secti, 0 01 1111111111111111111111111151111111111111111111111·
1111111111 11111 111 besicmmie. La 1111111 1111. 001010 00010 00010, 1000011000]οηιο 0010011001·
oo si 0111100100οο 1110 0110110 0110 000 1111000110· ¹¹¹⁰· 1 1111111111 1111111111 1111111111 ¹³ '¹³fl¹⁰¹¹⁰
¹¹03 11111 1111 1111 1111111 11 11111 11111111 11111111 00101010 11000000 0 101110110001011000011010110
11, 11 11111111,11111111111111 11111 111111 1111 1000111 001 100000 010000100 qualche 010100 01
eii convinne, 11111 1111111111, 81111111 1111111, 1001011111 10 00101000001000 01 101 giorno, 01000110
110, 0 01110 000011000ος 00000110. rho Dio 000 ⁵¹¹ 11111 1111111 1111 1111 1111111 1111 1 1111111111 111111
11111 1111 111 1111111111, 1 11111111 111 111111 00010000 i 01000110 10010 0110010010 010110011010,
101010000000οεί01111001000001001010000110 111111111111111111111111111111111· , .

1110 0010011001 Dio; come 10000 001010, 100011 ¹¹· 111111111111111111111111111111111111111111·
11111111111111111111111 11 11 1111 1111110 ooo 0011000010110011010, 0111100100100001110 giorno?

101 mirecoii 1011. 10 000110, 00000001 100100100 11· 5111111111 1111111111 1111111111111111111111111111·
1110, 0 io 1100011011, 0 gli 11111 same, Le 111111, 111100100110101001000001,Ιο101111000010100001

quoodo 01 0010111000 ,alcone membre 01 0110100 1 1)11111 111110 11111111111111111 111111 81111111 111

11080011, per 101 1110 11111111,1ο,ῃ111 11, 1111 memorio 01 coceio grec coneneie 00110 0100110ηο ,

1000010 0010000000, 01000100 sciro 10 001. 10 se· 1111111111111111 1111 11111111 8111111 1111 1111111111 11 111· ’
sia. 00000051 nominem 11111111 1111111 Crisro. 1 10 101101001001110100011, 100011 0100010,011011

00· Socii 001 110110101 01 1010, corne icnoo 000111, 1111111111111111111111 1111111111111111111111101111
iquoii 1111111111 11111,1 ,11 111111, 1, 111 s, 1111111, 1001010 momoria ’00110 01000000 00100000, 01 re·

0 sinerii 01110 cose,· che l’inridie oei demonio, eie 0110 0 0001000010, 0110 11 mondo 110 01010 princi·
0011011110 (relcuom 01 prefocare, , 010. Lo 0000000 10010001, 001001010000100100

D. Desidere sapere ,quanio sie 1111, 1111111 11 10110 lacerare 00 0110110010 1 suoi 00111, 0 00110 00
1001010010. 00101011 0010010101οι 01110, 0011110000, 10110100,

11. 1110010 grande, che 011001 e 1100001010 11001· 111 11 1111111111 1111111111 0110 1 1100111010011100000-
toiri: 0 000010 01 000 conoscere 00110 0000, 0110 1111 1,11111111101111111111111111 1111111111 11111
1001110100101000110 001 1001010οη10 vecchio 1110 co« 11 1111111111 111111 11111111111111111111111111 1111 11111
mandere, che i besiciornieiori 00111010000101001- 111111151 111811111111110111111111111111511111111110
001100 1011011 000010 come 000010 1010001 011111 1111 1111111111111111 1111111 1111111115111111111111·
00010οο00 000 remorre i bcsremmiciori (c) ‚ Ι0 0. ’ ,’ 11· 1111 11111 11111 2 1111111 1111111111 ¹¹⁰¹ 11111,
Gregorio 001110, 0110 00 1000101110 01 010000 enni. 11111111 11 1111111111 11111111 1111111111 1111111111 11111
010000101001010 0 000100101010101110, 0000 1111111110111111111011111111111 ·

00000001101000001 00010, 00 00 mori 001 0000 11· 1111111111 11111111 1111111111 11 1111 1111111111 ,11
«reiro stesso 1110111, 1101111111 1111 1111 (11111111, 1 00111010 00110 domenico ‚ come 000110 10 circonci-

110011 110011011010011111101111111111 1111111 01000 001 1011001100, 10000110 00000010 001000-
00111010100, ri 0110 non si 11111111 1111111111 11111, tissime Secrcmcnio‚c 10110 10 01110 0000 10000001

so 1101 01110 peccaro, 51111100 1111111111 11111 1101000010 1000101010 01110 0000 migiiori 001 10010-
00οἰ 01100010 10 1000100101 -dc si 010000 011000 11111111 1111111· (111111111111111111 11 1111111111 ¹¹¹
00110 011100· 11000110 0 10010 0111 100110 0001011110 1111111111 11111 1111111111 1111 1111111111 11111111 ¹¹¹ '

essere 1110110110 000010 00000101 poiche 00 0000 1111111111111111111111 111111111111111 11111111 -
00001 100000110010111111,00 0110110 10111110, co· 1111111111 1111111 11 1111111111 ¹¹¹ 11111011111111

100 de 010001 alifi 11111100, ma 0 (ranno 1111, 1111 010000010001000;00101111000000100010100001111-
porra 500011101111111111111110 1111 1111111111 111, eroice 00110 01000100010001 groeci 001000 0 Dio

1111, 00001000 010010000 000000001 0001010001 10111100010100 00110 0011101000, meglio 10000 1011·

011001, 0110 gii 00000 ’11 0100001110 01 cio 00110 do·
1000100 0110 memorio 01110 0110010011 benefici 001-
“ 10 000110 1000011000; 00101000110011010 10 dome·
101 s, Thom, 2, 2 q, 13, , 0100 000000, 10 domenico 1100001111,οᾱ 10 domeni·
111100100110500, Novella 01. 10 10000000010011 00001011 10 8011110 Senio. Fi-
(011111. i. Dialog. 0000 18. 1 0011001110 11 0011111110 significare 11 110000, 1110 ore·

01111111 0 01000101

 

