lili 1011111111 cblslllill

Ι 313333 33331333 31333133133, 11 313 3 31113333 333 latii, e iulii lanno 33331333 333 3133131333.

13333313, 31333313 333313, 31331333 3 31333 11 1. 133313 31 1133, 313331 ne'oielil non 3 113
33313333, 331313 compienne 13113 313313 31 1333 13 3331 luogo? ’
elimandam (3) 3 1131333, 333313 3113 33111331- ill. Sl 1133, 313 113 31113 3331311, 333 333313
ma. ed amoenissima, essendo 31313 1131333313 non sia in 3331 13333, 33 333313 (3) 1 31311 3333
3131331333 3 giudice, 3 33333313 nosir03 3 3313 13 311 33111 3331313133313, 3133331 3113133133-
33 meglio di 31333333 3333 1133331 113331333 333 1313 33331333, polenia, 3 sapienia 11 113 ; 3 ll·
33133(1)133313333. 133313, 333313 3 13 311 (3) 33133313 13 3331 31 133313 vedere a 133313 (1)3 133·
n 3333333313 1113113, 311333 313 1311’1(1)331311331 oia 13311 333311, 3 13311 33313113311. 81 333 dine
sono 31111331 3 3333313, 3 333113313(3)33313133- 333333, 313113, 3 ne'oieli ‚ 3333133311 31113 13
33, 313 3333 31 1133313 33331333 33311113333133 33 3313 3331133133333311333311, 3 33311 333131
33331333 13 11331 333111. 33311, 313 3333 31311 spirituali.

1. 1331331313 donnana 11311333331333113331- 1. 1331333 333 3113 33133 3311313333 1113 3331
33 parole: 13133 333133, 313 331 ne'eiell. 1133 313 3331113313 113333 ino?
· 11133313 33313 333313 3333 3333 33 313331 il. 1133331333331313333 3133113313 lama,
3333313, 333333 33 33333333113 333 1’33331333; 313 noiiaia3 3333 qnando 3311131333, 313 333
33331333131133313, 313 1133 333133 33133, pi· ba 3333 3333, 333313 3 3333331313 13 33111, ov·
311333 331133, 3113131311 33333313 1133313, 313 3333313 13 1333 noma. 3 331 3333, 33331313
3 3331311, 313131311333, 313 bisogna 331333 3131 13333 1333, 3 3313 1333, 3333313 (3) 3333331313
3333333 113333· 3 331113, 331313 333 31313133- 13 molli. 3131313 33133333 113313313 333131-
3333 33 3313313; 311 3111133313, 3133 3 13133, alo. 0313 3331113333 11 3333 11 113 333 331133,
333311331333, 31333333 33331333331 11 noello, 313333333333133313133311313 11113, 3 333-
3133 311 113131133331133313, 313 3 33131311, no· 33333313 3333 3 33313 3313331, 3 33113 133313 de·
me signore 33313333 13133313,1313311333,313 311 nomini, 33333 13 33 31333311 3333133 3333 331
331331333333313 nonai: 1331333131133313,3133 333133311113131311, 1 quali 333333333333113,
13133, oi 3133311333, 31331333 1311331111 113, 3 33111 3311 3131331313 13 1331333133 3 male·
ed 3331113113331133 1133313, 313 3 331 oieb, 3 113333 , peno 331333, 1 quali 3333131133111 113,
considerando 3333 331 31333 13 13333 , 31 aioni· 3 13333 3313 13113333313113133 1333, 333 3333
113333 313 333 3111333 11 33333333 13113 33313 133113313 3333333313 313 3331113313 11 aemesam
¹ enediii, 33 31333 3311333131, 3313313311 13 13333 3133313313 333131131133313 3333331313, 31333·
ile'oemio'i3 3 3333 abbiamo 3333 1133333131131313 lo, onnlessaio‚lodalo 3133313113, 3333 33331333.
333. . 1. 83 33113311331333,313 113313 3333331313 3

1. 1131131331 13 3331133133313113 13 parole. 13131313311 3333131333 3333113 33311311333133

li. Qualia pamla, 13133, 3311333 3333131133 anesio 13311 333131, 31313 1131
113133333133113 33133 11 13113 13 3333 333 onea- 11. 13333 333 3 1331331313 33 stesso 33 3 oo·
31333, nondimenoin (1) onesta 33331333 31313313 333333, 33 3 13133 llio: 3 perii 1133313333 llio,
11 113 13 quanio 313 331131313313133313313113. 31333331 33113 333 33313 333313 ,11 3313 313 311
31 (3) 333 31331333. li 133 3333, 313 3333333 an· 3131311331 31131 333331331 31 3331331333, 3 3331

331303 (1) 3313123333 1ἐ3ὲ13ἑ133 angulo ilqndalinile· 3333133111 oenminolno 3 333333333, 3 131333 11333

i ranoenirir ‚ 13333 inni i 33. 333 333. -

1313133313 331333 333 possano 331 333113 1133 , 1. 13331331 33313313 l’ 33331333 1311133313-

13133 333133. 1 qnali 333 3333, 33 33311333 esser 33, 313313 3331113313 113333111131

13113311 11113, 333 333313 pensiero 31333311 3.8133333111331 31 3333113 sopra 33313333,

33333311331. 3311313 331 3133313 opero il 33133, 3 11 311
1. 133313311133 13133 nasim, 3 333 13133 13333313 desiderio 33313313 13 3333313113 313313

3131 - . 11 1133333 333313 31333 31311 3333133331 11
’ 1. 81 1133, 13133 333133, 333133313 1313311333 ragione, 33133313 33333313333 1311333113 331
313331 lolii siamo 13313111 , 3 3333 13313111 131· 33313 333333 consiste il noaino sommo bene,eomo
blamo 333331, 31 assei 33111 133 331, 3333313 ll· dinemo appresso.
3113311 1133 131333313133. 81 1133 3333313133 111311331331 33313 3333313 33111333, 3133
noaino, 333 insegnano, 313 l' 33331333 333333 3 133331133333133.
31311333 313 13 3313313, 333313 3 31131113 3 quel· 11. 13 333313 33111333 333 1333· 331133 si ‹li-
. 11313333 , 313 13 (1) 33331333 , 3333133313 333133 3331313 331313 3333313 ; 331313 33113 3313331 3
lulli 113333 13133 333133, 3133313133313 33331333 113331313 13 gloria 11 113. ·
- 11133333 31 133313133133333133333111131
(3) 133. 33. ill. 3. li, , il. 13133 331131 333 1313313331 33333 11113,

(bl Cone· Tol. l· 131· 9· 3333133313 31 13333 33 33333 11 nalum, nn 33333
133333. 1133333333 1.

ἷὲῘΓὲἶὲἯιῗέἷέὲζήιιπ t 8 ’ 0333333. nyssenam in 333. nonin. io. 3133313
13)) (3ng. 81131311311331111111111, θ110133.Ι 13 episi. 31 ’(1) 1333331. 1111. 13 serm. in monle. cyril. cai. ii.
Damasum 13 lilio 3331133. 1133133.

(lii cypr. 3333. li. Ι (3) lapillo serni. in monle, 13331331338333.
(1) 131333. lib. l. 131133. 3. ll. 13 quadran.

 

