0011111111 0018111111

onenlonn
, 00. soror conarer

ι110110 compinguit 111 Geni

0 10101 00010 0100001101 00010011 100100, 10 in·
0000100100 100110 01101011000010000 1 10101000-
111100010 11 castili 0011101100 0 00110100 1010; 11
01000 001 10000101 100110 0011111 1001000000·
nri 1110000110 101010001οΙ0 011010 00011, 00 1111001
0001100100 madre vergine 00110 1010101, 00 100-
010011101 01 0001 01010 00001101100 0010011010
0110 1010110111οιιὶ 01 maechia 010000 d· 10001111 3
ma 000000 rni 1001010 001111001001000, 0 00110010
01 0000010, 11100110110001 1001 mio 1 pensiori, e
011011011110111101010001 , 011010011100010 100 11
memoria 001101010111, 0 01 0100 010011000110011·
001001111001100010 00100010 00 0001110οη10 01
rimor 00010 01 010, 0 1100110010101 001001 divino,
aecioeehe oon 1011101101 10 10111, 10011001000010
10010 001 01010.

0000000110 8001111
1

80010118001100111080010011010 ’
101010010το

i'i 10010 0001 momento,

01110 000001 01010

0100 sagramento,
Alone 00011110

00110011 1100010

Eeeo 11 8100010

emmam:

Per 010111 00010000

11011, 0011010000

110001 11101 001 10 100 nutrimento.
8001 11001 ascende

8011001ἰο belia,

111 10 0000110101Ιο

11001001 00100001 :

8010 si 010111

1100001 mensoria

01101001000001100000100101110000010
001001 001011 000111

0000010 1000,

0110 011110 1000

0111 01000 01111

mmmm,

mwmffl ·

supplendo 0011 011111 110001( 0010001-

, monio.

S'ei 000 celasse,

000 101 1100001

La 000 00110101 ,

10010 vieini:

0111 001111 mai

Sniirir suoi roi:

11110101 8011101 01100010 menie...

011 100011

01 0100 0001110

0001 11000110

011 Salvator:

Venite inienio

000 00100 01010

11100001 101100 mare 0 firmamento.
000110 solenne

1111101 mensa

01 01 01000001

0001 0110 10001

Che 0110110 10 01000

000 morie 011000

ru 010110010 11101 10110 0100010.
000010 0 0001 0000

0110 00111 0000 ,

1110 0000001

101111 000000 ;

0001 010010οι0000

0110 01 00110 1010010

00110110 001000 000 00100 alimanie.
00001 11 001000

1111100 0000000

01 01110 stesso

0010 000111

Sempro 01 amasii

1110100 1000110011

1100110100 oei 100000100010010000010.
81 01 mio 010 ,

'roo grande 110010

11011011101010

81 0000010,

000000 inherendo

0011 miranda .

Donasti 10110 10 001 alimento.
000010101100000 .

· 0110 00110 glorie¹

10100 100100110-

100010111 0 100;

10000 101100

01 00010 0 0100

10010 01 010010 piene, e 01 10010010.
10 000010 0100

81010 0 111010

0001 moniale

11111 00000 10 0101

0 01001000

0100 10101000

11101110 11010101 1110 11000010·
Non 0100110011

mmmm

01000111 001 ,

110000 one iu

Δ 0001 011010

Piir 00110110

· [1000101110 0100101110 0 periente·

000110 10 0010
1100000011 ,
01000111 0011
111000 1010011110

· 001 01 contione

ffimmssmm
La 10010, 11 0001101101111001001100010.

 

