110 INDEX

6616611666, 99 61616691616666661166, 101 1611616666,
61166666, 13 661661166161666666, 93 166666611663661166,
11116166, 61 96166 carmelita, 96 16666661166 Quartus,
Ennomus, 61 6616169666, . 90 1666666666 Quintus,
Ephrem, 39 66116666661161666. 35 16666166616666, Δ
8. Epiphanius, 38 Guilelmus 161161666666, 88 8. 1666666 Apostolus,
Esaias 16666. . “ 61 0666666606666166, 93 1666666 16111666,
Esaias 96666616, 3 6666161661166666366, 86 1666666 366666166,
usurus, ’13 6611611666 061661. 99 1666666866661166, 163
Euagrius 866616611666, 63 66116166696616166616, 88 1666666 cassianus, 56 ¹
Eucherius, 56 0611611666 Tyrius, v 86 loannes chrysostomus„ 16 1
’ Eugippus, 61 0611166166 Monachus, 83 1666666 1166666166, 991
8661661661161166, , 31 1666666 0616611666, 93 ζ
Eusebius Caesariensis, 36 Η loannes climacus, 63 1
Eusebius 1116666666, 55 1666666 curopalates, 35 =
EuthymiusZiguuenus, 38 6666666691666616, 11 8.]66666606666666666, 63 ¹
66666161 Propheta, 13 1366616696661. 68 1666666 (16166616, 101 ¹
Η661166669666 v1. 168 1666. 6666616666 Picus. 108
6 136111661166966666666. 30 1666666 61666666, 72
[16166116666161. 31 , 1666666 66661666, 169
Faustinus Diauouus‚ 33 Η66161· Boetius, 168 1666666 66 0661616666, 161
Faustus Regiensis, · 58 6611666666, 83 1666666 66 161616, 161
11611666 8666666, 103 1166661666, 86 1666666 1161666, 101
1166666666 61666666, 61 11666666116966166, 18 1666663611661616616, 103
Pinus Hadrianus, 106 6666666660661666166, 31 1666666 6666866166, 91
61611668166666, 103 116611666666666616, 91 1666666 Euhius, 108
666661666611666166, 108116661616136666166. 105. 166666616666, 169
616661666666611166116, 108 11666666 6161166616, 99 1616666 966666, ’ 166
6166616666116666616, 05 11666666 66 3161161666, 101 166666611666666, 19
6166165661 16011666, 98 66661666 Ostiensis, 89 1666666111616661116. 15
6166616666311616166666, 109 11661166681666, 93 1666666 116161, 168
166661666631616616, 109 116661666 5666, 83 1666666 1161661166, 61
6616616666366616116, 99 11661166661166666616, 83 1666666 11666666, 61
6106616663, 36 11611666 Brito, 96 1666666 1166616161, 163
bodoardus, 33 1116161616691666616, 11 166666696616166616, 91
66166616666166166. 33 8. Hieronymus 8611166166, 11 166666616161661, 101
Fulgentius, 66 6116616611616166616, 53 1666666 Picus, 166
8. Hilarius pictaviensis, 35 1666666 1161366616, 199
0 Η166616166111ι666111, 32 1666666 1161661666, 101
611666661663666666, 80 1666666 6666666166, 99
6666618161, 106 61111666666666361616666, 65 1666666 366166616, 168
666 96666616, 9 6111161666, 30 1666666 36616166, 08
Gaudentius, 16 8111666111666166116, 25 1666666 3616616166. 103
96161166 cyzicenus, 60 1166661661616616666, 83 10166168616566066316, 83
66161166 Paua, 59 {lugu 66 6. Caro, 89 1666666 villanus, 96
Gennadius massiliensis„ 56 96166683161666, 89 16666663666116, 39
Georgius, 6116 66666166, {lugu 6166116666, 86 1669166666, 3
scholarius, 101 1366661166 0666. 31 166191666616, 16
91666166 cedrenus, 35 Humbuulusurd.prud. 89 16666 Propheta, Η
Germanus 666616611666. 66 1 16666 1616116666. 69
Gilda 8661666, 60 ’ 16666 Anulus, , 61
011661666616666, 31 1666666 Apostolus, 13 Iosephus Hebraeus, 16
6661666 vindocinensis, 38 1666666 61161666, 108 Iosephus 6666666616. 101
06166111666611616166. 86 1666666 Philippus 11611, 196 16666 661 Hebraeorum 8
96666666, 81 1666666 8666161166, 168 8. 66666661166111, 113
8. Gregorius 6611666, 35 166666613111666. 88 166166 Propheta, 10
Gregorius du Arimino, 98 1666666 de 3616666, · 106 16166166, 63
8. 666166. Nazianzenus, 33 166666666161666, 116 8. Isidorus Hispalensis, 61
8.(166161166111666666, 10 1666666611666661161166, 163 Isidorus pelusiotes, 53
S. Gregorius 9666. 1. 63 1666166616666, 16 816666166616166, 18
S. Gregorius 966611. 65 161616, 31 161166611166661, 25
'S. Gregorius Papa. vll. 31 1666681166, 11 161166 1111611666, 31
8. Gregorius Thuumulurgus‚ 26 8. 16661166 1166161, 31 16116666 pomerius, 59

S. Gregorius 3616111666, 63 8. 6166666666 36161. 65 516116666361616666, 65

 

